0,411
0,410
0,409
0,408
0,407
0,406
0,405
0,404
0,403
0,402
0,401
0,400
0,399
0,398
0,397
0,396
0,395
28,4
28,3
28,2
28,1
28,0
0,394
0,393
0,392
0,391
0,390
0,389
27,4
27,3
27,2
27,1
27,0
0,388
23,52
23,51
23,50
23,49
23,48
23,47
23,46
23,45
23,44
23,43
23,42
23,41
23,40
23,39
23,38
23,37
23,36
23,35
0,387
0,386
0,385
0,384
26,36
26,35
26,34
26,33
26,32
26,31
26,26
26,30
0,321
26,29
26,28
26,27
26,20
26,25
26,24
0,320
26,23
26,22
26,21
26,15
26,19
26,18
0,319
26,17
26,16
26,11
26,14
26,13
0,318
26,12
26,10
26,4
26,9
26,8
26,7
26,6
26,5
0,273
0,270
26,3
26,2
26,1
26,0
25,3
25,2
25,1
25,0
24,36
24,35
24,34
24,33
24,32
24,31
24,26
24,30
24,29
24,28
24,27
24,20
24,25
24,24
24,23
24,22
24,21
24,15
24,19
24,18
24,17
24,16
24,11
24,14
24,13
24,12
24,10
24,4
24,9
24,8
24,7
0,317
24,6
24,5
0,316
0,283
0,243
24,3
24,2
0,9
24,1
